require "./setup"
# battle = Swars::Battle.create!
# battle.memberships.first.membership_extra.used_piece_counts # => {"S0" => 2, "P0" => 1}
# Swars::Membership.first.membership_extra.used_piece_counts # => {"B0" => 3, "B1" => 2, "G0" => 2, "K0" => 2, "P0" => 10, "P1" => 1, "R0" => 4, "R1" => 3, "S0" => 2}
# exit
_ { Swars::User["SugarHuuko"].stat.piece_stat.to_chart } # => "99.92 ms"
s { Swars::User["SugarHuuko"].stat.piece_stat.to_chart } # => [{name: "杏", value: 0.0}, {name: "全", value: 0.004464285714285714}, {name: "圭", value: 0.0004464285714285714}, {name: "と", value: 0.014285714285714285}, {name: "龍", value: 0.024107142857142858}, {name: "馬", value: 0.014732142857142857}, {name: "香", value: 0.019196428571428573}, {name: "桂", value: 0.06830357142857142}, {name: "玉", value: 0.078125}, {name: "角", value: 0.07723214285714286}, {name: "飛", value: 0.09017857142857143}, {name: "金", value: 0.09553571428571428}, {name: "銀", value: 0.16830357142857144}, {name: "歩", value: 0.3450892857142857}]
tp Swars::User["SugarHuuko"].stat.piece_stat.to_chart # => [{name: "杏", value: 0.0}, {name: "全", value: 0.004464285714285714}, {name: "圭", value: 0.0004464285714285714}, {name: "と", value: 0.014285714285714285}, {name: "龍", value: 0.024107142857142858}, {name: "馬", value: 0.014732142857142857}, {name: "香", value: 0.019196428571428573}, {name: "桂", value: 0.06830357142857142}, {name: "玉", value: 0.078125}, {name: "角", value: 0.07723214285714286}, {name: "飛", value: 0.09017857142857143}, {name: "金", value: 0.09553571428571428}, {name: "銀", value: 0.16830357142857144}, {name: "歩", value: 0.3450892857142857}]
tp Swars::User["SugarHuuko"].stat.piece_stat.ratios_hash # => {杏: 0.0, 全: 0.004464285714285714, 圭: 0.0004464285714285714, と: 0.014285714285714285, 龍: 0.024107142857142858, 馬: 0.014732142857142857, 香: 0.019196428571428573, 桂: 0.06830357142857142, 玉: 0.078125, 角: 0.07723214285714286, 飛: 0.09017857142857143, 金: 0.09553571428571428, 銀: 0.16830357142857144, 歩: 0.3450892857142857}
tp Swars::User::Stat::PieceStat.report
# >>   Swars::User Load (0.3ms)  SELECT `swars_users`.* FROM `swars_users` WHERE `swars_users`.`user_key` = 'SugarHuuko' LIMIT 1 /*application='ShogiWeb'*/
# >>   ↳ app/models/swars/user.rb:45:in 'Swars::User.[]'
# >>   Swars::Membership Ids (6.4ms)  SELECT `swars_memberships`.`id` FROM `swars_memberships` INNER JOIN `swars_battles` ON `swars_battles`.`id` = `swars_memberships`.`battle_id` WHERE `swars_memberships`.`user_id` = 17413 ORDER BY `swars_battles`.`battled_at` DESC LIMIT 50 /*application='ShogiWeb'*/
# >>   ↳ app/models/swars/user/stat/scope_ext.rb:31:in 'Swars::User::Stat::ScopeExt#scope_ids'
# >>   Swars::Membership Load (0.8ms)  SELECT `swars_memberships`.* FROM `swars_memberships` WHERE `swars_memberships`.`id` IN (128141870, 128141873, 128141874, 128141876, 128141879, 128141880, 128141883, 128015255, 128015258, 128015259, 128015261, 128015263, 128015265, 128015267, 128015270, 128015271, 128015273, 128015276, 128015280, 128015284, 128015286, 128015242, 128005819, 128015243, 128015245, 128015248, 128015249, 128015252, 128015254, 128001335, 128001336, 128001338, 128001341, 128001342, 128001345, 128001346, 128001349, 128001350, 127823018, 127823020, 127805035, 127364566, 127364568, 127364570, 127364574, 127364575, 127364577, 127364580, 127364582, 127364584) /*application='ShogiWeb'*/
# >>   ↳ app/models/swars/user/stat/piece_stat.rb:71:in 'block in Swars::User::Stat::PieceStat#counts_hash'
# >>   Swars::MembershipExtra Load (0.5ms)  SELECT `swars_membership_extras`.* FROM `swars_membership_extras` WHERE `swars_membership_extras`.`membership_id` IN (127364566, 127364568, 127364570, 127364574, 127364575, 127364577, 127364580, 127364582, 127364584, 127805035, 127823018, 127823020, 128001335, 128001336, 128001338, 128001341, 128001342, 128001345, 128001346, 128001349, 128001350, 128005819, 128015242, 128015243, 128015245, 128015248, 128015249, 128015252, 128015254, 128015255, 128015258, 128015259, 128015261, 128015263, 128015265, 128015267, 128015270, 128015271, 128015273, 128015276, 128015280, 128015284, 128015286, 128141870, 128141873, 128141874, 128141876, 128141879, 128141880, 128141883) /*application='ShogiWeb'*/
# >>   ↳ app/models/swars/user/stat/piece_stat.rb:71:in 'block in Swars::User::Stat::PieceStat#counts_hash'
# >> |------+-----------------------|
# >> | name | value                 |
# >> |------+-----------------------|
# >> | 杏   |                   0.0 |
# >> | 全   |  0.004464285714285714 |
# >> | 圭   | 0.0004464285714285714 |
# >> | と   |  0.014285714285714285 |
# >> | 龍   |  0.024107142857142858 |
# >> | 馬   |  0.014732142857142857 |
# >> | 香   |  0.019196428571428573 |
# >> | 桂   |   0.06830357142857142 |
# >> | 玉   |              0.078125 |
# >> | 角   |   0.07723214285714286 |
# >> | 飛   |   0.09017857142857143 |
# >> | 金   |   0.09553571428571428 |
# >> | 銀   |   0.16830357142857144 |
# >> | 歩   |    0.3450892857142857 |
# >> |------+-----------------------|
# >> |----+-----------------------|
# >> | 杏 | 0.0                   |
# >> | 全 | 0.004464285714285714  |
# >> | 圭 | 0.0004464285714285714 |
# >> | と | 0.014285714285714285  |
# >> | 龍 | 0.024107142857142858  |
# >> | 馬 | 0.014732142857142857  |
# >> | 香 | 0.019196428571428573  |
# >> | 桂 | 0.06830357142857142   |
# >> | 玉 | 0.078125              |
# >> | 角 | 0.07723214285714286   |
# >> | 飛 | 0.09017857142857143   |
# >> | 金 | 0.09553571428571428   |
# >> | 銀 | 0.16830357142857144   |
# >> | 歩 | 0.3450892857142857    |
# >> |----+-----------------------|
# >> |-----------------+--------+---------+---------+---------+---------+---------+---------+---------+---------+---------+---------+---------+---------+---------+---------+---------|
# >> | user_key        | 最小駒 | 最小率  | 杏      | 全      | 圭      | と      | 龍      | 馬      | 香      | 桂      | 玉      | 角      | 飛      | 金      | 銀      | 歩      |
# >> |-----------------+--------+---------+---------+---------+---------+---------+---------+---------+---------+---------+---------+---------+---------+---------+---------+---------|
# >> | RYO_CHiN_       | 杏     | 0.00000 | 0.00000 | 0.00376 | 0.00113 | 0.00845 | 0.01841 | 0.01822 | 0.02085 | 0.06331 | 0.08717 | 0.09825 | 0.11572 | 0.10765 | 0.18862 | 0.26846 |
# >> | gorirakouen     | 杏     | 0.00016 | 0.00016 | 0.00114 | 0.00296 | 0.00944 | 0.02190 | 0.01827 | 0.00976 | 0.07192 | 0.05620 | 0.11945 | 0.10140 | 0.20300 | 0.10451 | 0.27990 |
# >> | bsplive         | 杏     | 0.00018 | 0.00018 | 0.00182 | 0.00200 | 0.00727 | 0.01146 | 0.01400 | 0.02128 | 0.08183 | 0.07274 | 0.07729 | 0.07420 | 0.10656 | 0.17567 | 0.35370 |
# >> | monkeykong      | 杏     | 0.00021 | 0.00021 | 0.00233 | 0.00265 | 0.00721 | 0.02493 | 0.01485 | 0.01390 | 0.05963 | 0.06472 | 0.08276 | 0.10345 | 0.10462 | 0.20679 | 0.31194 |
# >> | takayukiando    | 杏     | 0.00026 | 0.00026 | 0.00851 | 0.00413 | 0.00645 | 0.02347 | 0.01676 | 0.01315 | 0.05931 | 0.06988 | 0.09386 | 0.09232 | 0.10753 | 0.23698 | 0.26741 |
# >> | kamiosa         | 杏     | 0.00036 | 0.00036 | 0.00291 | 0.00316 | 0.00765 | 0.01834 | 0.01640 | 0.01421 | 0.08222 | 0.08744 | 0.07700 | 0.07044 | 0.10724 | 0.19662 | 0.31601 |
# >> | HogeHogeBeast   | 杏     | 0.00037 | 0.00037 | 0.00408 | 0.00649 | 0.01158 | 0.01900 | 0.02206 | 0.01631 | 0.07460 | 0.09017 | 0.09434 | 0.11250 | 0.10889 | 0.18441 | 0.25521 |
# >> | NagiNagisa2025  | 杏     | 0.00038 | 0.00038 | 0.00303 | 0.00388 | 0.00758 | 0.01819 | 0.02009 | 0.02113 | 0.06652 | 0.07684 | 0.09740 | 0.11067 | 0.10309 | 0.15369 | 0.31751 |
# >> | morusuko        | 杏     | 0.00047 | 0.00047 | 0.00141 | 0.00245 | 0.00830 | 0.02679 | 0.02028 | 0.02122 | 0.06565 | 0.07292 | 0.10075 | 0.09952 | 0.09905 | 0.19489 | 0.28629 |
# >> | mai_ueo         | 杏     | 0.00047 | 0.00047 | 0.00379 | 0.00111 | 0.00869 | 0.02498 | 0.02387 | 0.01676 | 0.04932 | 0.09848 | 0.09580 | 0.11666 | 0.11603 | 0.18669 | 0.25735 |
# >> | EffectTarou     | 杏     | 0.00047 | 0.00047 | 0.00361 | 0.00228 | 0.00726 | 0.01983 | 0.01936 | 0.01879 | 0.05788 | 0.09270 | 0.09792 | 0.12145 | 0.09408 | 0.18085 | 0.28352 |
# >> | abacus10        | 杏     | 0.00049 | 0.00049 | 0.00328 | 0.00222 | 0.00572 | 0.01686 | 0.01611 | 0.01518 | 0.07499 | 0.06820 | 0.09420 | 0.07911 | 0.09948 | 0.20593 | 0.31823 |
# >> | Odenryu         | 杏     | 0.00049 | 0.00049 | 0.00155 | 0.00213 | 0.00902 | 0.01387 | 0.02415 | 0.02309 | 0.06761 | 0.09477 | 0.09012 | 0.10146 | 0.10156 | 0.17781 | 0.29237 |
# >> | raikachess      | 杏     | 0.00055 | 0.00055 | 0.00221 | 0.00475 | 0.00779 | 0.02189 | 0.02032 | 0.01746 | 0.07539 | 0.07525 | 0.10447 | 0.13032 | 0.10529 | 0.17216 | 0.26215 |
# >> | weissvice       | 杏     | 0.00056 | 0.00056 | 0.00423 | 0.00339 | 0.00659 | 0.01731 | 0.03067 | 0.02230 | 0.07347 | 0.09972 | 0.08946 | 0.12023 | 0.09802 | 0.18852 | 0.24553 |
# >> | tayayan_ts      | 杏     | 0.00057 | 0.00057 | 0.00371 | 0.00124 | 0.00846 | 0.02700 | 0.01683 | 0.01578 | 0.06160 | 0.09906 | 0.07986 | 0.09421 | 0.10429 | 0.18462 | 0.30279 |
# >> | terauching      | 杏     | 0.00058 | 0.00058 | 0.00395 | 0.00148 | 0.00573 | 0.01195 | 0.01368 | 0.01817 | 0.06542 | 0.09120 | 0.09005 | 0.10760 | 0.10187 | 0.19609 | 0.29223 |
# >> | zibakuou        | 杏     | 0.00058 | 0.00058 | 0.00135 | 0.00445 | 0.01111 | 0.01827 | 0.02590 | 0.02426 | 0.07017 | 0.08486 | 0.10138 | 0.11646 | 0.09674 | 0.17493 | 0.26955 |
# >> | gomiress        | 杏     | 0.00060 | 0.00060 | 0.00227 | 0.00131 | 0.01074 | 0.02292 | 0.02005 | 0.03378 | 0.05682 | 0.09501 | 0.08833 | 0.10432 | 0.11960 | 0.17498 | 0.26928 |
# >> | NT1679          | 杏     | 0.00060 | 0.00060 | 0.00179 | 0.00259 | 0.01315 | 0.01774 | 0.01973 | 0.02212 | 0.05879 | 0.08569 | 0.10024 | 0.10303 | 0.11319 | 0.15803 | 0.30331 |
# >> | hide_yuki_kun   | 杏     | 0.00061 | 0.00061 | 0.00425 | 0.00171 | 0.00950 | 0.01763 | 0.01851 | 0.01812 | 0.04768 | 0.08492 | 0.09117 | 0.11929 | 0.07724 | 0.19808 | 0.31129 |
# >> | Cookieboy1129   | 杏     | 0.00064 | 0.00064 | 0.00387 | 0.00200 | 0.00469 | 0.01683 | 0.02311 | 0.02407 | 0.06875 | 0.10574 | 0.09636 | 0.08335 | 0.11265 | 0.18918 | 0.26876 |
# >> | MisoJennifer    | 杏     | 0.00064 | 0.00064 | 0.00074 | 0.00307 | 0.00614 | 0.01969 | 0.02519 | 0.02456 | 0.06615 | 0.08923 | 0.09896 | 0.12807 | 0.11135 | 0.17432 | 0.25191 |
# >> | LEVEKO          | 杏     | 0.00065 | 0.00065 | 0.00159 | 0.00212 | 0.01380 | 0.01911 | 0.02026 | 0.01764 | 0.05007 | 0.08818 | 0.08809 | 0.08740 | 0.10562 | 0.19085 | 0.31460 |
# >> | Niko43          | 杏     | 0.00067 | 0.00067 | 0.00182 | 0.00297 | 0.00920 | 0.01466 | 0.01792 | 0.01773 | 0.08269 | 0.07752 | 0.08183 | 0.07800 | 0.10416 | 0.18331 | 0.32752 |
# >> | pooh_gorou      | 杏     | 0.00068 | 0.00068 | 0.00339 | 0.00153 | 0.01390 | 0.01797 | 0.01644 | 0.02492 | 0.06492 | 0.09898 | 0.08780 | 0.10356 | 0.09559 | 0.17576 | 0.29458 |
# >> | totutohoku      | 杏     | 0.00068 | 0.00068 | 0.00305 | 0.00220 | 0.00899 | 0.02552 | 0.02399 | 0.02764 | 0.05239 | 0.10868 | 0.09953 | 0.11902 | 0.10953 | 0.18913 | 0.22965 |
# >> | oosyoutatuya160 | 杏     | 0.00069 | 0.00069 | 0.00321 | 0.00312 | 0.00741 | 0.02158 | 0.02206 | 0.02332 | 0.08061 | 0.08321 | 0.10033 | 0.13166 | 0.10284 | 0.15532 | 0.26466 |
# >> | tanukitirou     | 杏     | 0.00069 | 0.00069 | 0.00404 | 0.00246 | 0.01061 | 0.02065 | 0.02766 | 0.02652 | 0.05790 | 0.09282 | 0.09869 | 0.11839 | 0.10551 | 0.17213 | 0.26192 |
# >> | tabinosoiri     | 杏     | 0.00069 | 0.00069 | 0.00332 | 0.00446 | 0.01315 | 0.01727 | 0.01967 | 0.02047 | 0.06552 | 0.09513 | 0.09227 | 0.10165 | 0.10096 | 0.16956 | 0.29591 |
# >> | uuta_game       | 杏     | 0.00074 | 0.00074 | 0.00287 | 0.00235 | 0.00604 | 0.01455 | 0.01360 | 0.02068 | 0.07776 | 0.08523 | 0.09914 | 0.09705 | 0.09575 | 0.18059 | 0.30366 |
# >> | shoshirasaka    | 杏     | 0.00075 | 0.00075 | 0.00796 | 0.00448 | 0.01542 | 0.04328 | 0.03085 | 0.02488 | 0.06468 | 0.11592 | 0.08358 | 0.06866 | 0.13507 | 0.18085 | 0.22363 |
# >> | Kousaka_Makuri  | 杏     | 0.00078 | 0.00078 | 0.00206 | 0.00288 | 0.01094 | 0.02187 | 0.02155 | 0.02196 | 0.06402 | 0.08058 | 0.09142 | 0.11714 | 0.10053 | 0.15974 | 0.30452 |
# >> | K_Yamawasabi    | 杏     | 0.00078 | 0.00078 | 0.00410 | 0.00312 | 0.01035 | 0.01806 | 0.01982 | 0.02451 | 0.07021 | 0.08466 | 0.09013 | 0.09042 | 0.10917 | 0.17235 | 0.30231 |
# >> | SugarHuuko      | 杏     | 0.00078 | 0.00078 | 0.00189 | 0.00331 | 0.00916 | 0.01615 | 0.01565 | 0.02002 | 0.07883 | 0.07161 | 0.08035 | 0.08960 | 0.09903 | 0.17188 | 0.34174 |
# >> | IQ0_OMG         | 杏     | 0.00079 | 0.00079 | 0.00177 | 0.00324 | 0.00869 | 0.02072 | 0.01856 | 0.01581 | 0.06775 | 0.08773 | 0.09446 | 0.10285 | 0.11061 | 0.16265 | 0.30438 |
# >> | chrono_         | 杏     | 0.00079 | 0.00079 | 0.00149 | 0.00191 | 0.01034 | 0.02001 | 0.01922 | 0.01855 | 0.06118 | 0.09306 | 0.08057 | 0.10215 | 0.11307 | 0.17969 | 0.29795 |
# >> | hakuyoutu       | 杏     | 0.00080 | 0.00080 | 0.00240 | 0.00208 | 0.00912 | 0.01200 | 0.02032 | 0.02464 | 0.06239 | 0.09630 | 0.09279 | 0.10494 | 0.10414 | 0.18525 | 0.28283 |
# >> | nao_frag        | 杏     | 0.00081 | 0.00081 | 0.00253 | 0.00283 | 0.00713 | 0.01845 | 0.02057 | 0.02011 | 0.06353 | 0.10684 | 0.08243 | 0.09248 | 0.11290 | 0.18042 | 0.28898 |
# >> | Osaka_Referee   | 杏     | 0.00082 | 0.00082 | 0.00382 | 0.00428 | 0.00619 | 0.02049 | 0.01922 | 0.01776 | 0.06220 | 0.09143 | 0.09635 | 0.11137 | 0.09526 | 0.19188 | 0.27894 |
# >> | AkapenKasiteeee | 杏     | 0.00082 | 0.00082 | 0.00306 | 0.00369 | 0.00857 | 0.02412 | 0.02959 | 0.02512 | 0.06046 | 0.08568 | 0.11919 | 0.12790 | 0.10437 | 0.15211 | 0.25530 |
# >> | Corilla         | 杏     | 0.00083 | 0.00083 | 0.00267 | 0.00442 | 0.01123 | 0.02164 | 0.01842 | 0.01225 | 0.07781 | 0.09070 | 0.09475 | 0.11630 | 0.10543 | 0.18849 | 0.25506 |
# >> | shogiyuuca      | 杏     | 0.00085 | 0.00085 | 0.00291 | 0.00206 | 0.01068 | 0.01711 | 0.02622 | 0.01906 | 0.06676 | 0.08569 | 0.07926 | 0.08703 | 0.11118 | 0.18461 | 0.30659 |
# >> | JANUS001        | 杏     | 0.00087 | 0.00087 | 0.00233 | 0.00221 | 0.00439 | 0.01481 | 0.02062 | 0.02232 | 0.07273 | 0.08995 | 0.09706 | 0.08984 | 0.11670 | 0.18575 | 0.28041 |
# >> | KatsuragiHappa  | 杏     | 0.00088 | 0.00088 | 0.00270 | 0.00388 | 0.00754 | 0.01715 | 0.01323 | 0.02187 | 0.07644 | 0.08592 | 0.08365 | 0.09410 | 0.10729 | 0.18116 | 0.30420 |
# >> | ichilitre       | 杏     | 0.00088 | 0.00088 | 0.00198 | 0.00258 | 0.01374 | 0.01642 | 0.01619 | 0.02315 | 0.06369 | 0.08514 | 0.09875 | 0.12033 | 0.09792 | 0.17051 | 0.28872 |
# >> | HomuPaka        | 杏     | 0.00090 | 0.00090 | 0.00171 | 0.00288 | 0.01052 | 0.01664 | 0.01879 | 0.01529 | 0.06987 | 0.08822 | 0.08768 | 0.09505 | 0.11942 | 0.16817 | 0.30486 |
# >> | IrUkAzz         | 杏     | 0.00091 | 0.00091 | 0.00261 | 0.00204 | 0.00881 | 0.02620 | 0.02249 | 0.01818 | 0.05610 | 0.08434 | 0.10138 | 0.12852 | 0.08880 | 0.18421 | 0.27542 |
# >> | puniho          | 杏     | 0.00091 | 0.00091 | 0.00274 | 0.00342 | 0.00799 | 0.01995 | 0.02529 | 0.02483 | 0.06295 | 0.08605 | 0.09449 | 0.11024 | 0.10389 | 0.17346 | 0.28379 |
# >> | korirakkuma0108 | 杏     | 0.00092 | 0.00092 | 0.00303 | 0.00323 | 0.00882 | 0.02529 | 0.02346 | 0.02235 | 0.06585 | 0.09263 | 0.10501 | 0.11450 | 0.09422 | 0.16435 | 0.27635 |
# >> | H_Kirara        | 杏     | 0.00092 | 0.00092 | 0.00255 | 0.00276 | 0.00868 | 0.01675 | 0.02114 | 0.02083 | 0.06831 | 0.08169 | 0.08976 | 0.09476 | 0.10702 | 0.17431 | 0.31053 |
# >> | XK_Pekeko       | 杏     | 0.00093 | 0.00093 | 0.00507 | 0.00207 | 0.00793 | 0.02347 | 0.03034 | 0.01680 | 0.05574 | 0.07694 | 0.10314 | 0.09874 | 0.10927 | 0.18861 | 0.28095 |
# >> | Mibuki0101      | 杏     | 0.00093 | 0.00093 | 0.00352 | 0.00213 | 0.00649 | 0.01205 | 0.01446 | 0.01669 | 0.05339 | 0.12078 | 0.08862 | 0.09427 | 0.11049 | 0.19828 | 0.27790 |
# >> | yuyuqi          | 杏     | 0.00093 | 0.00093 | 0.00315 | 0.00268 | 0.01130 | 0.02855 | 0.01900 | 0.01888 | 0.06002 | 0.08985 | 0.09614 | 0.12761 | 0.09649 | 0.17515 | 0.27025 |
# >> | stampedeod      | 杏     | 0.00093 | 0.00093 | 0.00162 | 0.00325 | 0.00692 | 0.01337 | 0.02052 | 0.02377 | 0.06898 | 0.09975 | 0.09117 | 0.09219 | 0.11786 | 0.17778 | 0.28190 |
# >> | akine9          | 杏     | 0.00095 | 0.00095 | 0.00442 | 0.00269 | 0.00892 | 0.01789 | 0.02392 | 0.04148 | 0.06457 | 0.09614 | 0.09696 | 0.11502 | 0.12332 | 0.16207 | 0.24164 |
# >> | SATORI99        | 杏     | 0.00095 | 0.00095 | 0.00264 | 0.00154 | 0.00932 | 0.02237 | 0.03125 | 0.01900 | 0.05634 | 0.08707 | 0.08729 | 0.11099 | 0.10050 | 0.18332 | 0.28741 |
# >> | Manaochannel    | 杏     | 0.00095 | 0.00095 | 0.00246 | 0.00241 | 0.01013 | 0.02172 | 0.01655 | 0.02646 | 0.06033 | 0.09157 | 0.09665 | 0.11182 | 0.10342 | 0.17236 | 0.28319 |
# >> | PARM_shogi_CH_  | 杏     | 0.00095 | 0.00095 | 0.00242 | 0.00448 | 0.00925 | 0.02276 | 0.02805 | 0.02644 | 0.07960 | 0.09297 | 0.08452 | 0.08775 | 0.11536 | 0.15994 | 0.28550 |
# >> | anpirika        | 杏     | 0.00097 | 0.00097 | 0.00163 | 0.00302 | 0.01306 | 0.02152 | 0.01765 | 0.02678 | 0.06861 | 0.09152 | 0.10500 | 0.10651 | 0.09720 | 0.16823 | 0.27831 |
# >> | soyokaz         | 杏     | 0.00098 | 0.00098 | 0.00250 | 0.00201 | 0.01002 | 0.01463 | 0.01530 | 0.02093 | 0.06714 | 0.08660 | 0.08123 | 0.08280 | 0.11845 | 0.18460 | 0.31280 |
# >> | momotetsunokami | 杏     | 0.00098 | 0.00098 | 0.00247 | 0.00195 | 0.00853 | 0.01177 | 0.01753 | 0.02257 | 0.06431 | 0.12122 | 0.08472 | 0.09084 | 0.10662 | 0.16903 | 0.29745 |
# >> | MaisonMargiela  | 杏     | 0.00099 | 0.00099 | 0.00268 | 0.00229 | 0.00846 | 0.02175 | 0.01761 | 0.01994 | 0.06751 | 0.09138 | 0.08697 | 0.09435 | 0.10562 | 0.17472 | 0.30572 |
# >> | yadamon2525     | 杏     | 0.00100 | 0.00100 | 0.00204 | 0.00323 | 0.01086 | 0.02092 | 0.01665 | 0.01508 | 0.06028 | 0.07442 | 0.11445 | 0.09159 | 0.08623 | 0.17701 | 0.32627 |
# >> | H_Britney       | 杏     | 0.00100 | 0.00100 | 0.00160 | 0.00234 | 0.00827 | 0.01555 | 0.01897 | 0.02283 | 0.06472 | 0.08339 | 0.09327 | 0.10007 | 0.10315 | 0.17111 | 0.31372 |
# >> | IKEMENKISHI     | 杏     | 0.00100 | 0.00100 | 0.00163 | 0.00313 | 0.01013 | 0.01126 | 0.02151 | 0.01876 | 0.07004 | 0.09830 | 0.10305 | 0.10630 | 0.10255 | 0.15920 | 0.29315 |
# >> | RIKISEN_shogi   | 杏     | 0.00101 | 0.00101 | 0.00292 | 0.00196 | 0.00700 | 0.01438 | 0.01629 | 0.01922 | 0.05511 | 0.06599 | 0.09240 | 0.09657 | 0.10361 | 0.20761 | 0.31592 |
# >> | ibisya_bokumetu | 杏     | 0.00101 | 0.00101 | 0.00261 | 0.00277 | 0.00772 | 0.01671 | 0.01969 | 0.03139 | 0.07157 | 0.09248 | 0.09471 | 0.11371 | 0.09365 | 0.16745 | 0.28456 |
# >> | Sylvamiya       | 杏     | 0.00101 | 0.00101 | 0.00268 | 0.00391 | 0.01107 | 0.02102 | 0.02795 | 0.01856 | 0.07155 | 0.09346 | 0.09804 | 0.08396 | 0.11369 | 0.18345 | 0.26965 |
# >> |       443443443 | 杏     | 0.00102 | 0.00102 | 0.00213 | 0.00136 | 0.00714 | 0.01241 | 0.01956 | 0.02500 | 0.06258 | 0.12116 | 0.09013 | 0.08171 | 0.10509 | 0.17328 | 0.29742 |
# >> | Tesla_R         | 杏     | 0.00102 | 0.00102 | 0.00374 | 0.00298 | 0.00601 | 0.01960 | 0.01924 | 0.01831 | 0.06994 | 0.09600 | 0.08108 | 0.07261 | 0.11279 | 0.19311 | 0.30355 |
# >> | akihiko810      | 杏     | 0.00103 | 0.00103 | 0.00368 | 0.00211 | 0.00852 | 0.02189 | 0.02288 | 0.02234 | 0.06472 | 0.09841 | 0.09863 | 0.10617 | 0.10253 | 0.17416 | 0.27293 |
# >> | micro77         | 杏     | 0.00103 | 0.00103 | 0.00367 | 0.00235 | 0.00681 | 0.02475 | 0.01794 | 0.01250 | 0.04401 | 0.07384 | 0.10861 | 0.08229 | 0.08712 | 0.24820 | 0.28689 |
# >> | sea_sky_        | 杏     | 0.00105 | 0.00105 | 0.00546 | 0.00371 | 0.01197 | 0.01763 | 0.02984 | 0.02884 | 0.07906 | 0.09158 | 0.10966 | 0.12062 | 0.08042 | 0.16714 | 0.25302 |
# >> | naruru55        | 杏     | 0.00107 | 0.00107 | 0.00460 | 0.00245 | 0.00675 | 0.01840 | 0.02408 | 0.01933 | 0.06794 | 0.06994 | 0.10445 | 0.09387 | 0.11135 | 0.18543 | 0.29034 |
# >> | chodo           | 杏     | 0.00107 | 0.00107 | 0.00180 | 0.00270 | 0.00588 | 0.01445 | 0.01896 | 0.02003 | 0.06807 | 0.07330 | 0.09479 | 0.09338 | 0.10530 | 0.17749 | 0.32277 |
# >> | maiyahi4649     | 杏     | 0.00107 | 0.00107 | 0.00214 | 0.00307 | 0.00949 | 0.01927 | 0.02321 | 0.02131 | 0.07284 | 0.08622 | 0.09040 | 0.08772 | 0.10738 | 0.17696 | 0.29893 |
# >> | asa2yoru        | 杏     | 0.00108 | 0.00108 | 0.00264 | 0.00230 | 0.00772 | 0.01023 | 0.01930 | 0.01686 | 0.07855 | 0.07618 | 0.09420 | 0.11424 | 0.11052 | 0.16611 | 0.30006 |
# >> | ultimate701     | 杏     | 0.00108 | 0.00108 | 0.00226 | 0.00363 | 0.00956 | 0.02487 | 0.01908 | 0.02428 | 0.06112 | 0.08191 | 0.13008 | 0.11576 | 0.10698 | 0.14887 | 0.27052 |
# >> | 1016Kabao       | 杏     | 0.00109 | 0.00109 | 0.00328 | 0.00192 | 0.00520 | 0.01944 | 0.02135 | 0.02341 | 0.07788 | 0.09513 | 0.08910 | 0.08856 | 0.11046 | 0.18026 | 0.28292 |
# >> | BOUYATETSU5     | 杏     | 0.00111 | 0.00111 | 0.00217 | 0.00292 | 0.01205 | 0.02300 | 0.01888 | 0.02725 | 0.07445 | 0.07697 | 0.09492 | 0.09652 | 0.10817 | 0.16871 | 0.29287 |
# >> | mokkun_mokumoku | 杏     | 0.00113 | 0.00113 | 0.00235 | 0.00336 | 0.01071 | 0.01886 | 0.02075 | 0.02739 | 0.06700 | 0.08392 | 0.09493 | 0.12202 | 0.09548 | 0.16865 | 0.28345 |
# >> | tastjade        | 杏     | 0.00114 | 0.00114 | 0.00326 | 0.00136 | 0.00583 | 0.02916 | 0.02181 | 0.01303 | 0.02886 | 0.10399 | 0.06635 | 0.07741 | 0.16913 | 0.20601 | 0.27267 |
# >> | garo0926        | 杏     | 0.00115 | 0.00115 | 0.00299 | 0.00322 | 0.00860 | 0.01800 | 0.01636 | 0.01847 | 0.07106 | 0.09591 | 0.08850 | 0.08233 | 0.10053 | 0.18811 | 0.30476 |
# >> | enthusi         | 杏     | 0.00115 | 0.00115 | 0.00226 | 0.00376 | 0.00740 | 0.02259 | 0.02259 | 0.02192 | 0.06833 | 0.08946 | 0.10097 | 0.13087 | 0.09438 | 0.16687 | 0.26745 |
# >> | pooh1122N       | 杏     | 0.00116 | 0.00116 | 0.00311 | 0.00209 | 0.00618 | 0.01203 | 0.01817 | 0.01640 | 0.08669 | 0.08753 | 0.09055 | 0.08423 | 0.10621 | 0.18691 | 0.29874 |
# >> | success_glory   | 全     | 0.00116 | 0.00194 | 0.00116 | 0.00155 | 0.01047 | 0.01939 | 0.02113 | 0.02753 | 0.07542 | 0.09752 | 0.09500 | 0.09190 | 0.10333 | 0.16693 | 0.28674 |
# >> | Ryamaguchi      | 杏     | 0.00118 | 0.00118 | 0.00260 | 0.00236 | 0.00801 | 0.02923 | 0.02323 | 0.02196 | 0.06106 | 0.08837 | 0.09328 | 0.11008 | 0.10497 | 0.17015 | 0.28352 |
# >> | kimbrelp        | 杏     | 0.00118 | 0.00118 | 0.00417 | 0.00254 | 0.00812 | 0.02649 | 0.02334 | 0.01725 | 0.04994 | 0.09047 | 0.07626 | 0.09148 | 0.10524 | 0.20168 | 0.30184 |
# >> | spacedog        | 杏     | 0.00118 | 0.00118 | 0.00263 | 0.00218 | 0.00734 | 0.02054 | 0.02285 | 0.02299 | 0.06651 | 0.09081 | 0.09135 | 0.09747 | 0.10382 | 0.16933 | 0.30099 |
# >> | AmanogawaNemu   | 杏     | 0.00120 | 0.00120 | 0.00438 | 0.00197 | 0.00985 | 0.02341 | 0.01860 | 0.03337 | 0.06608 | 0.09594 | 0.09747 | 0.10579 | 0.11060 | 0.17876 | 0.25260 |
# >> | sakuya_T        | 杏     | 0.00120 | 0.00120 | 0.00255 | 0.00503 | 0.00998 | 0.02748 | 0.03529 | 0.02470 | 0.07508 | 0.12312 | 0.08236 | 0.08836 | 0.11644 | 0.17462 | 0.23378 |
# >> | hitoride_nemuru | 杏     | 0.00122 | 0.00122 | 0.00295 | 0.00265 | 0.01065 | 0.01786 | 0.01803 | 0.02573 | 0.06636 | 0.08739 | 0.10277 | 0.11190 | 0.10095 | 0.18629 | 0.26525 |
# >> | ruka_peta       | 杏     | 0.00123 | 0.00123 | 0.00404 | 0.00237 | 0.00746 | 0.01709 | 0.01444 | 0.01548 | 0.07816 | 0.08813 | 0.08414 | 0.08851 | 0.10637 | 0.18724 | 0.30533 |
# >> | penguinyasu     | 杏     | 0.00124 | 0.00124 | 0.00211 | 0.00285 | 0.00533 | 0.02230 | 0.01548 | 0.01982 | 0.05797 | 0.09117 | 0.10752 | 0.11718 | 0.11136 | 0.19113 | 0.25455 |
# >> | yaba_bozu2015   | 杏     | 0.00125 | 0.00125 | 0.00191 | 0.00301 | 0.01066 | 0.02065 | 0.02043 | 0.01382 | 0.06731 | 0.08973 | 0.08583 | 0.11942 | 0.09752 | 0.19364 | 0.27484 |
# >> | nitro7910       | 杏     | 0.00125 | 0.00125 | 0.00575 | 0.00500 | 0.01206 | 0.02571 | 0.02076 | 0.02371 | 0.06323 | 0.08479 | 0.08939 | 0.10120 | 0.11535 | 0.17753 | 0.27427 |
# >> | 9114aaxt        | 杏     | 0.00126 | 0.00126 | 0.00215 | 0.00220 | 0.01016 | 0.01771 | 0.02567 | 0.02698 | 0.06829 | 0.08502 | 0.09125 | 0.11387 | 0.10492 | 0.17439 | 0.27613 |
# >> | hebosugiChan    | 杏     | 0.00126 | 0.00126 | 0.00386 | 0.00287 | 0.01347 | 0.03421 | 0.02227 | 0.01966 | 0.04561 | 0.07623 | 0.09868 | 0.11053 | 0.09266 | 0.19134 | 0.28733 |
# >> | polunga_shogi   | 杏     | 0.00126 | 0.00126 | 0.00204 | 0.00357 | 0.00865 | 0.02378 | 0.01696 | 0.02600 | 0.07230 | 0.09191 | 0.09370 | 0.11843 | 0.09487 | 0.16870 | 0.27783 |
# >> | Hey_Ya          | 杏     | 0.00126 | 0.00126 | 0.00209 | 0.00264 | 0.00925 | 0.01989 | 0.02068 | 0.02738 | 0.06928 | 0.09260 | 0.08561 | 0.09084 | 0.11086 | 0.16896 | 0.29866 |
# >> | chisei_mazawa   | 杏     | 0.00127 | 0.00127 | 0.00127 | 0.00279 | 0.00853 | 0.01578 | 0.01976 | 0.02140 | 0.07706 | 0.09469 | 0.08006 | 0.09867 | 0.09391 | 0.16692 | 0.31789 |
# >> | shinbigiumu     | 杏     | 0.00128 | 0.00128 | 0.00233 | 0.00384 | 0.00888 | 0.01604 | 0.01498 | 0.02756 | 0.06385 | 0.09103 | 0.09148 | 0.10126 | 0.10239 | 0.16406 | 0.31102 |
# >> | trick98         | 杏     | 0.00131 | 0.00131 | 0.00283 | 0.00141 | 0.00480 | 0.03155 | 0.03740 | 0.02110 | 0.05290 | 0.06305 | 0.11822 | 0.16541 | 0.09257 | 0.13684 | 0.27061 |
# >> | LinLin_         | 杏     | 0.00131 | 0.00131 | 0.00394 | 0.00299 | 0.01123 | 0.01822 | 0.01538 | 0.02172 | 0.06444 | 0.08980 | 0.09046 | 0.10066 | 0.09986 | 0.18427 | 0.29572 |
# >> | Omannyawa       | 杏     | 0.00131 | 0.00131 | 0.00238 | 0.00208 | 0.00761 | 0.01554 | 0.02146 | 0.02323 | 0.06014 | 0.07991 | 0.09483 | 0.08437 | 0.11198 | 0.19212 | 0.30303 |
# >> | Ritsumeikan_APU | 杏     | 0.00131 | 0.00131 | 0.00309 | 0.00225 | 0.01212 | 0.01829 | 0.01773 | 0.01871 | 0.05525 | 0.07611 | 0.11246 | 0.11026 | 0.09777 | 0.19615 | 0.27849 |
# >> | tora9900_torara | 杏     | 0.00132 | 0.00132 | 0.00511 | 0.00248 | 0.01100 | 0.02416 | 0.03616 | 0.01928 | 0.05645 | 0.08022 | 0.10299 | 0.13265 | 0.10547 | 0.18662 | 0.23610 |
# >> | kallsium        | 杏     | 0.00133 | 0.00133 | 0.00235 | 0.00266 | 0.01115 | 0.01608 | 0.01799 | 0.02638 | 0.06120 | 0.09042 | 0.09166 | 0.09495 | 0.10334 | 0.18710 | 0.29338 |
# >> | Cupro_Rin       | 杏     | 0.00133 | 0.00133 | 0.00303 | 0.00261 | 0.00758 | 0.02038 | 0.02412 | 0.01772 | 0.06833 | 0.08724 | 0.08819 | 0.09226 | 0.10662 | 0.18059 | 0.30000 |
# >> | TOBE_CHAN       | 杏     | 0.00134 | 0.00134 | 0.00274 | 0.00249 | 0.01321 | 0.02253 | 0.02145 | 0.02362 | 0.06581 | 0.08974 | 0.10174 | 0.12817 | 0.09523 | 0.16825 | 0.26368 |
# >> | mrynu           | 杏     | 0.00135 | 0.00135 | 0.00265 | 0.00269 | 0.00722 | 0.01439 | 0.01780 | 0.02094 | 0.06174 | 0.08604 | 0.09393 | 0.10218 | 0.10039 | 0.17759 | 0.31111 |
# >> | touchica        | 杏     | 0.00135 | 0.00135 | 0.00380 | 0.00338 | 0.00759 | 0.02380 | 0.01890 | 0.03029 | 0.08109 | 0.10539 | 0.08278 | 0.07932 | 0.12708 | 0.18015 | 0.25508 |
# >> | yamaloveuma     | 杏     | 0.00135 | 0.00135 | 0.00426 | 0.00514 | 0.00528 | 0.02923 | 0.02213 | 0.01874 | 0.08763 | 0.09622 | 0.09257 | 0.09663 | 0.11030 | 0.19834 | 0.23217 |
# >> | twitter_X       | 杏     | 0.00138 | 0.00138 | 0.00372 | 0.00383 | 0.00888 | 0.02575 | 0.03069 | 0.02341 | 0.05750 | 0.08346 | 0.12666 | 0.12320 | 0.10224 | 0.15496 | 0.25432 |
# >> | nananamin       | 杏     | 0.00141 | 0.00141 | 0.00215 | 0.00203 | 0.00740 | 0.01456 | 0.02155 | 0.01989 | 0.07093 | 0.07998 | 0.08962 | 0.08081 | 0.11385 | 0.17841 | 0.31741 |
# >> | Judar_dAlembert | 杏     | 0.00142 | 0.00142 | 0.00320 | 0.00186 | 0.00950 | 0.01864 | 0.01859 | 0.01447 | 0.06586 | 0.08579 | 0.08676 | 0.08685 | 0.11099 | 0.19296 | 0.30311 |
# >> | Broom_Star      | 杏     | 0.00143 | 0.00143 | 0.00482 | 0.00589 | 0.00875 | 0.01749 | 0.01945 | 0.01678 | 0.06961 | 0.09870 | 0.09709 | 0.11280 | 0.10512 | 0.17919 | 0.26289 |
# >> | Taichan0601     | 杏     | 0.00143 | 0.00143 | 0.00333 | 0.00333 | 0.01048 | 0.01794 | 0.02571 | 0.02540 | 0.07222 | 0.06651 | 0.09540 | 0.10333 | 0.11794 | 0.17238 | 0.28460 |
# >> | aya_s_love      | 杏     | 0.00144 | 0.00144 | 0.00358 | 0.00424 | 0.00895 | 0.02925 | 0.02249 | 0.02903 | 0.06030 | 0.11718 | 0.09387 | 0.12762 | 0.09601 | 0.15561 | 0.25044 |
# >> | YARD_CHANNEL    | 杏     | 0.00145 | 0.00145 | 0.00601 | 0.00211 | 0.01180 | 0.02156 | 0.01699 | 0.01707 | 0.04105 | 0.08108 | 0.09018 | 0.07729 | 0.08135 | 0.26140 | 0.29066 |
# >> | createv         | 杏     | 0.00145 | 0.00145 | 0.00537 | 0.00702 | 0.00857 | 0.04480 | 0.03169 | 0.04284 | 0.09239 | 0.14421 | 0.08021 | 0.07959 | 0.14194 | 0.15929 | 0.16063 |
# >> | yoppiyopy       | 杏     | 0.00145 | 0.00145 | 0.00354 | 0.00322 | 0.00805 | 0.02249 | 0.02448 | 0.02341 | 0.05594 | 0.08788 | 0.09534 | 0.13635 | 0.09872 | 0.17033 | 0.26879 |
# >> | adgjm3121       | 杏     | 0.00147 | 0.00147 | 0.00211 | 0.00579 | 0.01158 | 0.02505 | 0.02558 | 0.03400 | 0.06453 | 0.10853 | 0.09695 | 0.09979 | 0.10779 | 0.15611 | 0.26074 |
# >> | k_tp            | 全     | 0.00147 | 0.00151 | 0.00147 | 0.00329 | 0.01036 | 0.01503 | 0.02116 | 0.01992 | 0.06295 | 0.09318 | 0.08412 | 0.08963 | 0.11159 | 0.17130 | 0.31450 |
# >> | saisai_shogi    | 杏     | 0.00148 | 0.00148 | 0.00301 | 0.00222 | 0.00502 | 0.02439 | 0.01819 | 0.02029 | 0.07779 | 0.07661 | 0.08961 | 0.08908 | 0.10889 | 0.18310 | 0.30032 |
# >> | 5inkyo          | 杏     | 0.00149 | 0.00149 | 0.00447 | 0.00328 | 0.01073 | 0.02250 | 0.01967 | 0.02841 | 0.06769 | 0.08209 | 0.08388 | 0.11710 | 0.09525 | 0.17505 | 0.28842 |
# >> | daichukikikuchi | 杏     | 0.00149 | 0.00149 | 0.00180 | 0.00372 | 0.00718 | 0.01722 | 0.02428 | 0.02818 | 0.07166 | 0.09124 | 0.09322 | 0.09198 | 0.10486 | 0.17176 | 0.29142 |
# >> | UtadaHikaru     | 杏     | 0.00149 | 0.00149 | 0.00241 | 0.00237 | 0.00983 | 0.01698 | 0.02143 | 0.02468 | 0.06394 | 0.08862 | 0.09962 | 0.09773 | 0.10905 | 0.17010 | 0.29175 |
# >> | kone_kone_ru    | 杏     | 0.00149 | 0.00149 | 0.00359 | 0.00351 | 0.01236 | 0.02611 | 0.02725 | 0.03128 | 0.07650 | 0.12198 | 0.07816 | 0.09140 | 0.12373 | 0.16106 | 0.24159 |
# >> | eGuiterman      | 杏     | 0.00151 | 0.00151 | 0.00302 | 0.00232 | 0.01039 | 0.01805 | 0.02101 | 0.01800 | 0.06415 | 0.10420 | 0.09747 | 0.09224 | 0.10217 | 0.17717 | 0.28829 |
# >> | Traumonac       | 杏     | 0.00152 | 0.00152 | 0.00319 | 0.00409 | 0.00686 | 0.01953 | 0.02079 | 0.02477 | 0.08584 | 0.09584 | 0.07741 | 0.12260 | 0.10014 | 0.16042 | 0.27700 |
# >> | tampopochan     | 杏     | 0.00153 | 0.00153 | 0.00319 | 0.00222 | 0.00801 | 0.02444 | 0.01828 | 0.02356 | 0.05887 | 0.08992 | 0.09103 | 0.10802 | 0.10538 | 0.18053 | 0.28503 |
# >> | TANTANMENDAYO   | 全     | 0.00154 | 0.00240 | 0.00154 | 0.00411 | 0.01352 | 0.01455 | 0.02619 | 0.02961 | 0.05854 | 0.08456 | 0.10339 | 0.07942 | 0.12153 | 0.18521 | 0.27542 |
# >> | Human_of_Amen   | 全     | 0.00155 | 0.00168 | 0.00155 | 0.00387 | 0.01395 | 0.01459 | 0.01692 | 0.01653 | 0.06327 | 0.08910 | 0.07696 | 0.07322 | 0.12913 | 0.17446 | 0.32477 |
# >> | katoayumn       | 全     | 0.00156 | 0.00328 | 0.00156 | 0.00309 | 0.00583 | 0.01803 | 0.03252 | 0.04262 | 0.06386 | 0.09763 | 0.10976 | 0.09386 | 0.09893 | 0.14937 | 0.27967 |
# >> | bulletcheckmate | 全     | 0.00157 | 0.00200 | 0.00157 | 0.00303 | 0.01241 | 0.02433 | 0.03024 | 0.02401 | 0.06595 | 0.08161 | 0.10421 | 0.11689 | 0.10009 | 0.15021 | 0.28346 |
# >> | akutoc          | 杏     | 0.00157 | 0.00157 | 0.00275 | 0.00341 | 0.01507 | 0.01179 | 0.01336 | 0.01612 | 0.06486 | 0.09382 | 0.08923 | 0.11281 | 0.10666 | 0.18239 | 0.28616 |
# >> | kaorin55        | 杏     | 0.00157 | 0.00157 | 0.00392 | 0.00392 | 0.00800 | 0.02451 | 0.02210 | 0.03139 | 0.06697 | 0.09193 | 0.09243 | 0.10681 | 0.10692 | 0.17031 | 0.26923 |
# >> | zun_y           | 杏     | 0.00159 | 0.00159 | 0.00301 | 0.00332 | 0.00938 | 0.01845 | 0.01708 | 0.02865 | 0.07411 | 0.09633 | 0.09483 | 0.08950 | 0.10649 | 0.17226 | 0.28499 |
# >> | mo_ri_          | 全     | 0.00159 | 0.00185 | 0.00159 | 0.00278 | 0.00621 | 0.01375 | 0.02022 | 0.02379 | 0.08367 | 0.10192 | 0.09623 | 0.10020 | 0.11831 | 0.15519 | 0.27429 |
# >> | Jyohshin        | 杏     | 0.00159 | 0.00159 | 0.00602 | 0.00389 | 0.00791 | 0.02347 | 0.01833 | 0.02711 | 0.06050 | 0.09096 | 0.09841 | 0.12886 | 0.10238 | 0.18836 | 0.24221 |
# >> | Sushi_Kuine     | 杏     | 0.00163 | 0.00163 | 0.00212 | 0.00261 | 0.01209 | 0.01593 | 0.01413 | 0.02042 | 0.07744 | 0.07474 | 0.08585 | 0.09320 | 0.09786 | 0.16762 | 0.33434 |
# >> | LordChikiban    | 杏     | 0.00164 | 0.00164 | 0.00375 | 0.00303 | 0.01141 | 0.03576 | 0.02041 | 0.02363 | 0.06974 | 0.08880 | 0.09207 | 0.12649 | 0.09847 | 0.16788 | 0.25692 |
# >> | ryutaro1991     | 杏     | 0.00166 | 0.00166 | 0.00350 | 0.00314 | 0.00682 | 0.02361 | 0.02568 | 0.02873 | 0.07578 | 0.08893 | 0.08368 | 0.13562 | 0.10554 | 0.15640 | 0.26091 |
# >> | Pklilili        | 杏     | 0.00167 | 0.00167 | 0.00223 | 0.00231 | 0.01425 | 0.02412 | 0.02030 | 0.02905 | 0.06296 | 0.06917 | 0.08437 | 0.10148 | 0.11414 | 0.16770 | 0.30627 |
# >> | slowstep3210    | 杏     | 0.00168 | 0.00168 | 0.00345 | 0.00203 | 0.00587 | 0.02226 | 0.02036 | 0.02131 | 0.06091 | 0.08036 | 0.10443 | 0.09805 | 0.11651 | 0.17884 | 0.28396 |
# >> | ds4             | 全     | 0.00170 | 0.00377 | 0.00170 | 0.00302 | 0.00811 | 0.02340 | 0.02397 | 0.02982 | 0.06718 | 0.08813 | 0.10323 | 0.11191 | 0.08587 | 0.16947 | 0.28043 |
# >> | TYosTYos        | 杏     | 0.00170 | 0.00170 | 0.00302 | 0.00419 | 0.00905 | 0.02035 | 0.01800 | 0.02455 | 0.07274 | 0.08707 | 0.10045 | 0.13357 | 0.08801 | 0.16942 | 0.26789 |
# >> | santa_ABC       | 杏     | 0.00172 | 0.00172 | 0.00259 | 0.00212 | 0.00818 | 0.02191 | 0.02047 | 0.02918 | 0.06538 | 0.08354 | 0.09802 | 0.10090 | 0.10804 | 0.17118 | 0.28677 |
# >> | YumeKokona      | 圭     | 0.00173 | 0.00391 | 0.00587 | 0.00173 | 0.00828 | 0.02231 | 0.01346 | 0.03611 | 0.04439 | 0.08534 | 0.07234 | 0.06279 | 0.11984 | 0.20012 | 0.32352 |
# >> | arminn          | 全     | 0.00174 | 0.00214 | 0.00174 | 0.00384 | 0.00968 | 0.01653 | 0.01810 | 0.02473 | 0.06896 | 0.08427 | 0.08205 | 0.09505 | 0.10949 | 0.18107 | 0.30233 |
# >> | pome_em         | 杏     | 0.00175 | 0.00175 | 0.00698 | 0.00306 | 0.01779 | 0.03175 | 0.01975 | 0.02302 | 0.06122 | 0.08730 | 0.08151 | 0.09428 | 0.12265 | 0.18518 | 0.26375 |
# >> | K1254           | 杏     | 0.00177 | 0.00177 | 0.00266 | 0.00233 | 0.00964 | 0.02949 | 0.03159 | 0.03813 | 0.05498 | 0.09356 | 0.10387 | 0.11651 | 0.12471 | 0.16794 | 0.22281 |
# >> | itoshinTV       | 杏     | 0.00177 | 0.00177 | 0.00346 | 0.00459 | 0.01434 | 0.03080 | 0.02953 | 0.03348 | 0.07276 | 0.10102 | 0.09282 | 0.09035 | 0.12002 | 0.17018 | 0.23488 |
# >> | 1nomiyaMasumi   | 杏     | 0.00178 | 0.00178 | 0.00288 | 0.00229 | 0.00716 | 0.02017 | 0.01716 | 0.03339 | 0.06793 | 0.09810 | 0.09827 | 0.12124 | 0.09365 | 0.18103 | 0.25494 |
# >> | omuomun         | 杏     | 0.00179 | 0.00179 | 0.00570 | 0.00230 | 0.01117 | 0.03484 | 0.03173 | 0.02453 | 0.05194 | 0.10337 | 0.10383 | 0.11777 | 0.08068 | 0.16464 | 0.26571 |
# >> | marinohiyo      | 杏     | 0.00179 | 0.00179 | 0.00464 | 0.00295 | 0.01349 | 0.03667 | 0.03266 | 0.01781 | 0.05279 | 0.08545 | 0.09124 | 0.09662 | 0.09662 | 0.18049 | 0.28680 |
# >> | flamme_o        | 杏     | 0.00179 | 0.00179 | 0.00330 | 0.00385 | 0.00948 | 0.02788 | 0.02308 | 0.02493 | 0.05893 | 0.07177 | 0.09938 | 0.11209 | 0.10673 | 0.18365 | 0.27315 |
# >> | ryomou27        | 杏     | 0.00181 | 0.00181 | 0.00576 | 0.00220 | 0.01367 | 0.03280 | 0.02616 | 0.02616 | 0.03998 | 0.08401 | 0.09987 | 0.13282 | 0.11725 | 0.18930 | 0.22820 |
# >> | Sukonbu3        | 杏     | 0.00181 | 0.00181 | 0.00396 | 0.00293 | 0.00986 | 0.01636 | 0.01993 | 0.02118 | 0.06878 | 0.08406 | 0.08987 | 0.08862 | 0.11333 | 0.19545 | 0.28386 |
# >> | Kaori3159       | 杏     | 0.00182 | 0.00182 | 0.00378 | 0.00355 | 0.00951 | 0.02226 | 0.01968 | 0.02181 | 0.07863 | 0.07974 | 0.09494 | 0.11790 | 0.10124 | 0.16251 | 0.28263 |
# >> | HGJBJJJJ        | 杏     | 0.00182 | 0.00182 | 0.00529 | 0.00383 | 0.00985 | 0.03872 | 0.03368 | 0.03970 | 0.06881 | 0.09386 | 0.09562 | 0.10018 | 0.11757 | 0.16505 | 0.22602 |
# >> | Ada_Tsugamachi  | 杏     | 0.00182 | 0.00182 | 0.00347 | 0.00413 | 0.01389 | 0.04349 | 0.03108 | 0.03472 | 0.09987 | 0.10979 | 0.07953 | 0.07953 | 0.13244 | 0.17047 | 0.19577 |
# >> | mafuneko        | 杏     | 0.00183 | 0.00183 | 0.00624 | 0.00323 | 0.00957 | 0.02430 | 0.03172 | 0.03108 | 0.06323 | 0.11613 | 0.09667 | 0.08656 | 0.11645 | 0.20032 | 0.21269 |
# >> | wata1417        | 杏     | 0.00186 | 0.00186 | 0.00455 | 0.00367 | 0.00704 | 0.01815 | 0.02514 | 0.02456 | 0.07891 | 0.10478 | 0.08292 | 0.08072 | 0.11775 | 0.15952 | 0.29043 |
# >> | 0Komamusume     | 杏     | 0.00186 | 0.00186 | 0.00452 | 0.00293 | 0.01091 | 0.01903 | 0.01716 | 0.02195 | 0.05522 | 0.09819 | 0.09220 | 0.11110 | 0.09992 | 0.17536 | 0.28965 |
# >> | yinhe           | 圭     | 0.00187 | 0.00431 | 0.00460 | 0.00187 | 0.01078 | 0.03105 | 0.01926 | 0.05247 | 0.05520 | 0.10365 | 0.09244 | 0.10380 | 0.12550 | 0.17869 | 0.21636 |
# >> | Seigo_S         | 杏     | 0.00188 | 0.00188 | 0.00232 | 0.00270 | 0.00879 | 0.02204 | 0.02656 | 0.02091 | 0.06706 | 0.10969 | 0.08684 | 0.11648 | 0.10769 | 0.17104 | 0.25600 |
# >> | Mappyy          | 杏     | 0.00191 | 0.00191 | 0.00664 | 0.00341 | 0.00623 | 0.02757 | 0.02650 | 0.02716 | 0.04950 | 0.11254 | 0.10116 | 0.09244 | 0.14003 | 0.18837 | 0.21653 |
# >> | TokiwadaiMei    | 圭     | 0.00194 | 0.00212 | 0.00230 | 0.00194 | 0.01024 | 0.01801 | 0.02419 | 0.03673 | 0.05986 | 0.09076 | 0.10277 | 0.11425 | 0.11619 | 0.17164 | 0.24898 |
# >> | urechannel      | 杏     | 0.00195 | 0.00195 | 0.00234 | 0.00260 | 0.00586 | 0.02201 | 0.02285 | 0.03021 | 0.05951 | 0.08743 | 0.09733 | 0.09460 | 0.11009 | 0.18073 | 0.28249 |
# >> | progmemeter     | 杏     | 0.00196 | 0.00196 | 0.00362 | 0.00317 | 0.00980 | 0.01855 | 0.02744 | 0.02156 | 0.07419 | 0.10148 | 0.09831 | 0.09017 | 0.09967 | 0.18094 | 0.26915 |
# >> | HIKOUKI_GUMO    | 杏     | 0.00198 | 0.00198 | 0.00290 | 0.00336 | 0.01081 | 0.01922 | 0.01850 | 0.02515 | 0.05862 | 0.09537 | 0.09546 | 0.10971 | 0.11560 | 0.17136 | 0.27195 |
# >> | chanlili        | 杏     | 0.00200 | 0.00200 | 0.00281 | 0.00272 | 0.00930 | 0.01756 | 0.01627 | 0.02357 | 0.06784 | 0.08559 | 0.09804 | 0.10047 | 0.09437 | 0.16660 | 0.31287 |
# >> | sleepycat       | 杏     | 0.00200 | 0.00200 | 0.00468 | 0.00534 | 0.01697 | 0.03099 | 0.02885 | 0.03366 | 0.08082 | 0.10566 | 0.09044 | 0.07921 | 0.12330 | 0.17125 | 0.22682 |
# >> | SUZUKI_NEKO     | 杏     | 0.00203 | 0.00203 | 0.00439 | 0.00340 | 0.00714 | 0.02861 | 0.01755 | 0.02868 | 0.06076 | 0.08492 | 0.09782 | 0.11216 | 0.10640 | 0.19368 | 0.25247 |
# >> | yukkuri22       | 杏     | 0.00203 | 0.00203 | 0.00405 | 0.00461 | 0.00832 | 0.02914 | 0.03158 | 0.03270 | 0.08427 | 0.08937 | 0.10020 | 0.09440 | 0.10453 | 0.17937 | 0.23541 |
# >> | yukkuri22       | 杏     | 0.00203 | 0.00203 | 0.00405 | 0.00461 | 0.00832 | 0.02914 | 0.03158 | 0.03270 | 0.08427 | 0.08937 | 0.10020 | 0.09440 | 0.10453 | 0.17937 | 0.23541 |
# >> | toshimetal      | 杏     | 0.00204 | 0.00204 | 0.00289 | 0.00260 | 0.00852 | 0.02439 | 0.04139 | 0.03187 | 0.06019 | 0.08601 | 0.10443 | 0.14279 | 0.08496 | 0.14918 | 0.25873 |
# >> | ariakedo        | 杏     | 0.00206 | 0.00206 | 0.00485 | 0.00456 | 0.01087 | 0.02248 | 0.02077 | 0.02420 | 0.06417 | 0.08773 | 0.10630 | 0.12874 | 0.09322 | 0.18086 | 0.24919 |
# >> | sunny_MIGIGYOKU | 全     | 0.00208 | 0.00246 | 0.00208 | 0.00324 | 0.01159 | 0.02464 | 0.02127 | 0.03519 | 0.06524 | 0.08335 | 0.09658 | 0.12270 | 0.10307 | 0.16239 | 0.26619 |
# >> | nisiyan0204     | 杏     | 0.00208 | 0.00208 | 0.00266 | 0.00285 | 0.01103 | 0.01713 | 0.02335 | 0.02043 | 0.09011 | 0.08985 | 0.09367 | 0.08077 | 0.10412 | 0.18404 | 0.27791 |
# >> | stmtk           | 杏     | 0.00214 | 0.00214 | 0.00480 | 0.00255 | 0.01092 | 0.02766 | 0.02827 | 0.02470 | 0.05643 | 0.09276 | 0.09940 | 0.13889 | 0.07491 | 0.18594 | 0.25064 |
# >> | Habu            | 杏     | 0.00215 | 0.00215 | 0.00571 | 0.00371 | 0.01108 | 0.02128 | 0.02123 | 0.02099 | 0.06599 | 0.08381 | 0.08634 | 0.09752 | 0.11148 | 0.19446 | 0.27426 |
